2	A ets1_homer P ets1_homer		1F	11P	10P	9P	8P	7P	6P	5P	4P	3P	2P	1P	0S	1S	2S	3S	4S	5S	6S	7S	8S	9S	10S	11S	12S	13S	14S	15S	16S	17S	18S	19S	20S	21S	22S	23S	24S	25S	26S	27S	28S	29S
		Evert	0.000000	0.000000	0.000000	0.000000	0.000000	0.000000	0.001193	0.000000	0.000000	0.001591	0.000928	0.000663	0.001061	0.001326	0.000530	0.001989	0.002917	0.001193	0.001193	0.001326	0.001061	0.002121	0.001193	0.001856	0.001591	0.001591	0.001989	0.000928	0.001193	0.001458	0.001458	0.000795	0.001326	0.001061	0.001326	0.001723	0.001989	0.001061	0.001723	0.001989	0.001193	0.001591
		Invert	0.000000	0.000000	0.000000	0.000000	0.000000	0.000000	0.000398	0.000398	0.000928	0.000265	0.001458	0.001061	0.001723	0.000928	0.001061	0.001856	0.001326	0.002254	0.001723	0.002386	0.001723	0.001193	0.001591	0.001193	0.001591	0.001326	0.001326	0.001061	0.001723	0.000795	0.001856	0.001193	0.001193	0.001458	0.001326	0.000795	0.001856	0.001193	0.001061	0.000928	0.000795	0.001989
		DirectPA	0.000000	0.000000	0.000000	0.000000	0.002917	0.000398	0.016969	0.005436	0.001458	0.003712	0.002254	0.002254	0.004110	0.003182	0.002917	0.002784	0.002519	0.003447	0.004507	0.004110	0.006894	0.006629	0.003845	0.005038	0.003049	0.003712	0.003447	0.002917	0.002386	0.002386	0.004905	0.003182	0.004242	0.004242	0.002784	0.002917	0.003579	0.003314	0.002121	0.003579	0.003712	0.004110
		DirectAP	0.000000	0.000000	0.000000	0.000000	0.002917	0.000398	0.016969	0.005436	0.001458	0.003712	0.002254	0.002254	0.004110	0.003182	0.002917	0.002784	0.002519	0.003447	0.004507	0.004110	0.006894	0.006629	0.003845	0.005038	0.003049	0.003712	0.003447	0.002917	0.002386	0.002386	0.004905	0.003182	0.004242	0.004242	0.002784	0.002917	0.003579	0.003314	0.002121	0.003579	0.003712	0.004110
2	A ets1_homer P runx1_homer		3F	2F	1F	7P	6P	5P	4P	3P	2P	1P	0S	1S	2S	3S	4S	5S	6S	7S	8S	9S	10S	11S	12S	13S	14S	15S	16S	17S	18S	19S	20S	21S	22S	23S	24S	25S	26S	27S	28S	29S
		Evert	0.000000	0.000000	0.000000	0.000000	0.000000	0.000000	0.000000	0.003447	0.000000	0.000928	0.000530	0.000795	0.000530	0.000928	0.001193	0.001326	0.000530	0.000928	0.001061	0.000530	0.000663	0.000265	0.000133	0.000133	0.000530	0.000928	0.000265	0.000398	0.000398	0.000663	0.000398	0.000398	0.000265	0.000663	0.000265	0.000398	0.000530	0.001193	0.000795	0.000265
		Invert	0.000000	0.000000	0.000000	0.002784	0.000000	0.000000	0.000000	0.000000	0.000928	0.000795	0.000795	0.000795	0.001061	0.000928	0.000398	0.000928	0.000795	0.000398	0.000398	0.000530	0.000398	0.000398	0.001193	0.000265	0.000530	0.000000	0.000133	0.000398	0.001061	0.001061	0.000663	0.001326	0.000530	0.000265	0.000663	0.000663	0.000265	0.000398	0.000133	0.000795
		DirectPA	0.000000	0.000000	0.000000	0.000000	0.000000	0.000000	0.000000	0.000000	0.000133	0.000133	0.000133	0.000133	0.000265	0.000928	0.000663	0.000398	0.000530	0.000795	0.000265	0.000398	0.000530	0.000663	0.000265	0.001193	0.000663	0.001193	0.000265	0.000530	0.000265	0.001061	0.000133	0.001458	0.000795	0.000398	0.000928	0.000530	0.000265	0.000265	0.000265	0.000530
		DirectAP	0.000000	0.000000	0.000000	0.000000	0.011534	0.000000	0.001193	0.001193	0.000265	0.000398	0.000398	0.001061	0.000928	0.000530	0.001326	0.000530	0.000398	0.000795	0.000530	0.000530	0.000133	0.000663	0.000133	0.000795	0.000795	0.000663	0.000398	0.000398	0.000928	0.001326	0.000530	0.000928	0.000928	0.000663	0.000398	0.000663	0.000663	0.000663	0.000530	0.001061
2	A runx1_homer P ets1_homer		3F	2F	1F	7P	6P	5P	4P	3P	2P	1P	0S	1S	2S	3S	4S	5S	6S	7S	8S	9S	10S	11S	12S	13S	14S	15S	16S	17S	18S	19S	20S	21S	22S	23S	24S	25S	26S	27S	28S	29S
		Evert	0.000000	0.000000	0.000000	0.000000	0.000000	0.000000	0.000000	0.003447	0.000000	0.000928	0.000530	0.000795	0.000530	0.000928	0.001193	0.001326	0.000530	0.000928	0.001061	0.000530	0.000663	0.000265	0.000133	0.000133	0.000530	0.000928	0.000265	0.000398	0.000398	0.000663	0.000398	0.000398	0.000265	0.000663	0.000265	0.000398	0.000530	0.001193	0.000795	0.000265
		Invert	0.000000	0.000000	0.000000	0.002784	0.000000	0.000000	0.000000	0.000000	0.000928	0.000795	0.000795	0.000795	0.001061	0.000928	0.000398	0.000928	0.000795	0.000398	0.000398	0.000530	0.000398	0.000398	0.001193	0.000265	0.000530	0.000000	0.000133	0.000398	0.001061	0.001061	0.000663	0.001326	0.000530	0.000265	0.000663	0.000663	0.000265	0.000398	0.000133	0.000795
		DirectPA	0.000000	0.000000	0.000000	0.000000	0.011534	0.000000	0.001193	0.001193	0.000265	0.000398	0.000398	0.001061	0.000928	0.000530	0.001326	0.000530	0.000398	0.000795	0.000530	0.000530	0.000133	0.000663	0.000133	0.000795	0.000795	0.000663	0.000398	0.000398	0.000928	0.001326	0.000530	0.000928	0.000928	0.000663	0.000398	0.000663	0.000663	0.000663	0.000530	0.001061
		DirectAP	0.000000	0.000000	0.000000	0.000000	0.000000	0.000000	0.000000	0.000000	0.000133	0.000133	0.000133	0.000133	0.000265	0.000928	0.000663	0.000398	0.000530	0.000795	0.000265	0.000398	0.000530	0.000663	0.000265	0.001193	0.000663	0.001193	0.000265	0.000530	0.000265	0.001061	0.000133	0.001458	0.000795	0.000398	0.000928	0.000530	0.000265	0.000265	0.000265	0.000530
2	A runx1_homer P runx1_homer		1F	7P	6P	5P	4P	3P	2P	1P	0S	1S	2S	3S	4S	5S	6S	7S	8S	9S	10S	11S	12S	13S	14S	15S	16S	17S	18S	19S	20S	21S	22S	23S	24S	25S	26S	27S	28S	29S
		Evert	0.000000	0.000000	0.000000	0.000000	0.000000	0.000000	0.000000	0.000000	0.000000	0.000133	0.000133	0.000000	0.000000	0.000133	0.000000	0.000000	0.000133	0.000000	0.000000	0.000133	0.000000	0.000000	0.000000	0.000000	0.000000	0.000000	0.000000	0.000000	0.000000	0.000000	0.000133	0.000000	0.000000	0.000133	0.000133	0.000000	0.000000	0.000000
		Invert	0.000000	0.000000	0.000000	0.000000	0.000000	0.000000	0.000000	0.000000	0.000133	0.000000	0.000000	0.000000	0.000133	0.000000	0.000000	0.000000	0.000133	0.000000	0.000000	0.000000	0.000133	0.000000	0.000000	0.000133	0.000000	0.000000	0.000000	0.000265	0.000133	0.000000	0.000000	0.000133	0.000000	0.000265	0.000000	0.000133	0.000133	0.000000
		DirectPA	0.000000	0.000000	0.000000	0.000000	0.000000	0.000133	0.000265	0.001458	0.000663	0.000265	0.000133	0.000133	0.000000	0.000265	0.000133	0.000265	0.000133	0.000398	0.000133	0.000000	0.000000	0.000000	0.000265	0.000398	0.000000	0.000265	0.000265	0.000265	0.000265	0.000530	0.000133	0.000265	0.000398	0.000265	0.000265	0.000530	0.000000	0.000133
		DirectAP	0.000000	0.000000	0.000000	0.000000	0.000000	0.000133	0.000265	0.001458	0.000663	0.000265	0.000133	0.000133	0.000000	0.000265	0.000133	0.000265	0.000133	0.000398	0.000133	0.000000	0.000000	0.000000	0.000265	0.000398	0.000000	0.000265	0.000265	0.000265	0.000265	0.000530	0.000133	0.000265	0.000398	0.000265	0.000265	0.000530	0.000000	0.000133
