MotifNumber	MotifName	AnyPv	FullPv	PartPv	OverPv	SpacPv		AnyAssy	FullAssy	PartAssy	OverAssy	SpacAssy
0	Anchor_Homer	2.45193e-15	1	4.3963e-07	1.81458e-06	1.07516e-12		0.421379	0.030103	-0.035231	-0.052327	0.708071
1	AHR_HUMAN.H11MO.0.B	0.0963343	1	0.258287	0.849054	0.0328169		0.011657	0.000000	-0.007268	-0.000287	0.198211
2	AIRE_HUMAN.H11MO.0.C	0.746284	0.335441	0.491955	0.177176	0.262564		0.010806	-0.031652	-0.049239	-0.071499	0.034642
3	ALX1_HUMAN.H11MO.0.B	0.368279	1	0.982321	0.991754	0.057682		-0.025396	0.120412	0.000662	0.000360	-0.075992
4	ANDR_HUMAN.H11MO.0.A	0.867492	0.0834376	0.35271	0.19355	0.38838		0.000307	-0.194340	-0.048406	-0.094730	0.049629
5	AP2A_HUMAN.H11MO.0.A	0.293901	1	0.129157	0.451559	0.268614		-0.038010	0.000000	0.023269	0.023756	-0.045731
6	AP2B_HUMAN.H11MO.0.B	0.5023	1	0.340922	0.770971	0.0991262		-0.004745	0.000000	0.037623	0.011173	0.007595
7	AP2C_HUMAN.H11MO.0.A	0.596393	1	0.828056	1	0.0773003		-0.007212	0.000000	-0.008194	0.000000	0.029575
8	ARI5B_HUMAN.H11MO.0.C	0.475278	1	0.500417	0.5545	0.242257		0.008389	0.000000	0.004388	0.012692	-0.031253
9	ARNT_HUMAN.H11MO.0.B	0.0634562	0.00154117	0.0497987	0.0649248	0.00326054		0.292141	0.564380	0.162930	0.226374	0.204784
10	ASCL1_HUMAN.H11MO.0.A	0.104122	0.00292097	0.0137868	0.0403688	0.00549158		-0.045598	0.239811	-0.172421	-0.034150	-0.022663
11	ATF1_HUMAN.H11MO.0.B	5.56534e-13	1	1.44822e-16	6.76657e-16	0.00083815		-0.654925	0.000000	-0.167821	-0.323836	-0.390603
12	ATF2_HUMAN.H11MO.0.B	6.10302e-05	0.241718	0.000240687	0.000431393	0.00835295		-0.230893	0.000000	0.470899	0.294016	-0.219226
13	ATF3_HUMAN.H11MO.0.A	0.000318254	1	9.00935e-06	3.05324e-05	0.0130085		0.475439	0.000000	0.242441	0.202691	0.330846
14	ATF4_HUMAN.H11MO.0.A	0.0763043	1	0.115265	0.115265	0.103223		-0.230597	0.030103	-0.217875	-0.204084	-0.087418
15	ATF6A_HUMAN.H11MO.0.B	0.00342871	1	0.224362	0.242328	0.00206343		-0.224884	0.000000	-0.064921	-0.061560	-0.092771
16	ATOH1_HUMAN.H11MO.0.B	0.0968179	1	0.381689	0.777785	0.00996654		0.094944	0.000000	-0.001030	-0.011171	0.347261
17	BACH1_HUMAN.H11MO.0.A	0.073313	1	0.101087	0.155928	0.0925084		0.064902	0.000000	-0.033540	-0.056370	0.243220
18	BACH2_HUMAN.H11MO.0.A	0.0168423	1	0.0027243	0.00804477	0.02253		0.059352	0.000000	-0.038137	-0.064916	0.154806
19	BATF_HUMAN.H11MO.0.A	0.10594	0.992662	0.174757	0.35616	0.0289471		-0.325583	-0.000320	-0.054336	-0.056876	-0.413959
20	BATF3_HUMAN.H11MO.0.B	0.0180731	1	0.00092492	0.0169596	0.0723971		-0.060546	0.000000	0.490066	0.280376	-0.142110
21	BC11A_HUMAN.H11MO.0.A	8.50252e-103	2.23327e-318	0.00275384	5.82668e-214	0.151678		12.564430	44.217174	-0.633680	26.099893	-0.036297
22	BCL6_HUMAN.H11MO.0.A	0.000462823	1	3.05869e-07	7.82624e-07	0.279789		-1.296115	0.000000	-2.373773	-2.250320	-0.052613
23	BHA15_HUMAN.H11MO.0.B	0.0358568	1.21692e-07	0.411107	0.00393494	0.00629968		0.076938	1.363196	0.091858	0.635154	-0.485303
24	BHE40_HUMAN.H11MO.0.A	0.00218798	1	0.235266	0.544531	0.00249379		-0.395419	0.000000	-0.000989	-0.002416	-0.339840
25	BMAL1_HUMAN.H11MO.0.A	0.00553916	1	0.417794	0.56319	0.000314518		-0.453943	0.000000	-0.008232	0.000000	-0.631558
26	BRAC_HUMAN.H11MO.0.A	0.0244223	0.000692499	0.670872	0.0957356	0.0109198		0.075738	0.803709	0.015385	0.169750	-0.161057
27	CDX1_HUMAN.H11MO.0.C	0.0726539	1	0.856219	1	0.00663968		-0.028752	0.000000	0.004853	0.000000	-0.078140
28	CDX2_HUMAN.H11MO.0.A	0.517897	1	0.252524	0.423363	0.377017		-0.028445	0.000000	-0.037861	-0.036460	0.028708
29	CEBPA_HUMAN.H11MO.0.A	0.154599	1	0.179808	0.257687	0.0282478		0.057215	0.000000	0.075779	0.060151	0.018749
30	CEBPB_HUMAN.H11MO.0.A	0.0612361	1	0.0892297	0.0892297	0.0563138		-0.056357	0.030103	-0.126010	-0.122681	0.182236
31	CEBPD_HUMAN.H11MO.0.C	0.150918	1	0.062317	0.0771666	0.0701924		-0.009509	0.000000	-0.012804	-0.050198	0.056791
32	CEBPE_HUMAN.H11MO.0.A	0.150664	1	0.269832	0.294471	0.0429374		0.246496	0.000000	0.123801	0.112178	0.292721
33	CEBPG_HUMAN.H11MO.0.B	0.0218538	1	0.00231581	0.00259991	0.02889		-0.349885	0.030103	-0.395422	-0.370528	-0.163301
34	CLOCK_HUMAN.H11MO.0.C	0.0386245	1	0.314127	0.349252	0.0142731		-0.241408	0.000000	0.004506	-0.034743	-0.191527
35	COE1_HUMAN.H11MO.0.A	0.173368	1	0.151109	0.500838	0.0185959		0.020686	0.000000	0.191473	0.056485	-0.119081
36	COT1_HUMAN.H11MO.0.C	0.196989	0.0676508	0.0148828	0.0182552	0.0225374		0.048078	-0.083335	-0.171582	-0.279214	0.224895
37	COT2_HUMAN.H11MO.0.A	0.142697	1	0.0360772	0.0506711	0.135073		-0.087714	0.000000	-0.250547	-0.231318	0.139391
38	CREB1_HUMAN.H11MO.0.A	8.12418e-14	1	2.54783e-15	4.03685e-14	0.000435739		-0.097332	0.000000	0.500336	0.372252	-0.286712
39	CREM_HUMAN.H11MO.0.C	9.35182e-06	1	1.64153e-05	2.6726e-05	0.00171548		-0.340619	0.000000	-0.364258	-0.389591	-0.121344
40	CRX_HUMAN.H11MO.0.B	0.619909	1	0.0645811	0.0808035	0.534436		-0.012637	-0.030103	-0.125572	-0.126482	-0.044195
41	CTCF_HUMAN.H11MO.0.A	0.00232315	0.0685785	0.0162027	0.00518335	0.0097716		-0.154352	-0.283406	-0.106888	-0.349233	-0.006942
42	CTCFL_HUMAN.H11MO.0.A	0.00771655	0.0176333	0.0212748	0.00179597	0.00433087		0.191841	0.057054	0.167270	0.178817	-0.052353
43	CUX1_HUMAN.H11MO.0.C	0.413717	1	0.25918	0.560744	0.0764226		-0.048859	0.000000	-0.066059	-0.025124	-0.079331
44	DBP_HUMAN.H11MO.0.B	0.228611	1	0.436074	0.664109	0.033281		-0.156426	0.030103	0.041183	0.032793	-0.321862
45	DLX3_HUMAN.H11MO.0.C	0.559603	1	0.224473	0.402643	0.451629		-0.039949	0.000000	-0.029728	-0.010887	-0.082336
46	DUX4_HUMAN.H11MO.0.A	0.0651209	1	0.143283	0.256087	0.171228		-0.118628	0.000000	-0.085228	-0.049967	-0.065065
47	E2F1_HUMAN.H11MO.0.A	4.52553e-06	1	1.72575e-11	4.07042e-09	0.000964538		1.097000	0.000000	1.840955	1.278425	0.079980
48	E2F2_HUMAN.H11MO.0.B	4.09841e-06	1	1.50777e-06	5.62139e-05	0.00148026		0.892862	0.000000	1.205267	0.810940	0.236498
49	E2F3_HUMAN.H11MO.0.A	1.72388e-13	1	1.12285e-34	5.1612e-33	0.0129692		0.807955	0.000000	3.995217	3.799633	-0.353054
50	E2F4_HUMAN.H11MO.0.A	5.36927e-07	1	8.86576e-15	6.61494e-13	0.00151405		1.608297	0.000000	2.961121	2.442548	0.227990
51	E2F5_HUMAN.H11MO.0.B	0.00189076	1	3.80569e-10	1.37466e-07	0.0152421		0.134625	0.000000	-0.575195	-0.487863	0.492903
52	E2F6_HUMAN.H11MO.0.A	5.63322e-06	1	7.93934e-16	2.61447e-14	0.0102825		0.727151	0.000000	2.050414	1.629736	-0.202423
53	E2F7_HUMAN.H11MO.0.B	1.29122e-09	1	4.62506e-15	4.28645e-14	0.00541666		2.087224	0.000000	3.627118	3.348380	0.288911
54	EGR1_HUMAN.H11MO.0.A	7.64678e-06	1	7.28282e-08	0.000183298	0.00100419		1.327844	0.000000	1.780743	1.082705	0.706401
55	EGR2_HUMAN.H11MO.0.A	3.329e-05	0.00147986	0.000252507	3.81232e-05	0.00364992		0.465529	0.651793	0.117612	0.491946	0.175908
56	EHF_HUMAN.H11MO.0.B	1e-300	1e-300	0.036109	1e-300	0.0016473		-5.199308	-16.190623	-0.282973	-3.286172	-0.291643
57	ELF1_HUMAN.H11MO.0.A	1e-300	1	1e-300	1e-300	1.26188e-07		-5.707684	0.000000	-2.081339	-2.284303	-0.991978
58	ELF2_HUMAN.H11MO.0.C	1e-300	1	1e-300	1e-300	3.27003e-09		-26.600794	0.000000	-31.147514	-30.041576	-1.491878
59	ELF3_HUMAN.H11MO.0.A	3.8082e-295	1	1e-300	1e-300	0.000434318		30.636041	0.000000	74.677812	71.200421	-0.407757
60	ELF5_HUMAN.H11MO.0.A	2.68704e-280	0.297908	1e-300	1e-300	0.00347527		41.329151	-0.084949	96.095856	89.198531	-0.264921
61	ELK1_HUMAN.H11MO.0.B	1e-300	1e-300	0.275295	1e-300	9.1379e-12		-1.019312	-6.875422	-0.122890	8.816090	-1.614998
62	ELK4_HUMAN.H11MO.0.A	1e-300	1	1e-300	1e-300	6.35405e-08		4.165776	0.000000	45.689974	44.503951	-1.859900
63	EPAS1_HUMAN.H11MO.0.B	0.0836861	0.00991991	0.438079	0.280623	0.0125285		0.318934	0.302736	0.031379	0.086105	0.382235
64	ERG_HUMAN.H11MO.0.A	1e-300	1	1e-300	1e-300	0.0171057		71.788266	0.000000	125.132790	122.803795	-0.301086
65	ERR1_HUMAN.H11MO.0.A	0.674471	1	0.386777	0.739217	0.252228		-0.017137	0.000000	0.035770	0.013123	-0.080300
66	ERR2_HUMAN.H11MO.0.A	0.0761475	3.4711e-05	0.235317	0.133849	0.138914		0.004281	-0.445801	0.055120	-0.057576	0.069661
67	ERR3_HUMAN.H11MO.0.B	0.357006	1	0.241079	0.280318	0.148931		0.067642	0.000000	-0.044437	-0.061716	0.040270
68	ESR1_HUMAN.H11MO.0.A	0.560274	0.0660162	0.644169	0.80632	0.242062		-0.051703	-0.100042	0.007607	-0.010657	0.080496
69	ESR2_HUMAN.H11MO.0.A	0.562446	0.200796	0.587036	0.726206	0.304455		0.027822	0.063737	-0.006136	0.003488	0.006349
70	ETS1_HUMAN.H11MO.0.A	1e-300	1	1e-300	1e-300	1.90057e-09		0.076054	0.000000	10.630237	8.381822	-1.156076
71	ETS2_HUMAN.H11MO.0.B	1.03953e-44	1.38853e-216	2.56273e-05	2.36543e-118	0.0979107		6.682931	44.894553	-0.845593	19.567732	-0.137405
72	ETV1_HUMAN.H11MO.0.A	1e-300	1	1e-300	1e-300	6.06019e-07		-23.013349	0.000000	-19.884535	-19.762905	-1.346369
73	ETV2_HUMAN.H11MO.0.B	1e-300	1e-300	0.0278507	1e-300	0.0190337		49.578430	88.162926	-0.416476	86.016066	-0.163905
74	ETV4_HUMAN.H11MO.0.B	1e-300	1	1e-300	1e-300	0.195343		38.161922	0.000000	79.310435	78.261480	-0.088393
75	ETV5_HUMAN.H11MO.0.C	1e-300	1e-300	0.00490135	1e-300	0.434561		27.599619	88.842550	-0.630284	60.627969	-0.082451
76	EVI1_HUMAN.H11MO.0.B	0.673332	0.934059	0.161387	0.287333	0.809187		-0.017177	0.003723	-0.026229	0.009849	0.022278
77	EVX2_HUMAN.H11MO.0.A	0.58448	1	0.428352	0.458177	0.34041		-0.011826	0.000000	-0.034633	-0.037644	-0.088264
78	FEV_HUMAN.H11MO.0.B	1e-300	1e-300	0.0917528	1e-300	3.51812e-05		22.576804	61.612273	-0.149959	35.132091	-1.113225
79	FEZF1_HUMAN.H11MO.0.C	0.0661019	1	0.101855	0.141282	0.232947		-0.140548	0.000000	0.031700	0.014390	-0.026295
80	FLI1_HUMAN.H11MO.0.A	1.16596e-100	4.02478e-304	2.57959e-05	5.61707e-191	0.322655		24.992193	87.274934	-1.288578	50.793710	-0.066512
81	FOS_HUMAN.H11MO.0.A	0.000209192	1	3.60314e-06	0.000214233	0.0017377		0.271874	0.000000	0.727478	0.457354	0.189530
82	FOSB_HUMAN.H11MO.0.A	5.7415e-05	1	0.0311677	0.118353	0.000470362		0.100944	0.000000	0.042210	0.055918	-0.066078
83	FOSL1_HUMAN.H11MO.0.A	9.99383e-05	1	0.00539181	0.00922898	0.00534478		0.235303	0.000000	0.307182	0.273840	0.168635
84	FOSL2_HUMAN.H11MO.0.A	8.61033e-05	1	0.00201568	0.00382729	0.00912411		0.197108	0.000000	0.441396	0.404042	-0.029172
85	FOXA1_HUMAN.H11MO.0.A	0.385279	1	0.232158	0.249303	0.304482		0.077606	-0.030103	0.127880	0.120239	-0.045419
86	FOXA2_HUMAN.H11MO.0.A	0.0662982	1	0.0392546	0.0403424	0.010514		0.067932	0.000000	-0.015169	-0.002411	0.232730
87	FOXA3_HUMAN.H11MO.0.B	0.358581	0.453226	0.281846	0.351164	0.182435		0.016572	-0.011333	0.143726	0.120345	0.032469
88	FOXC1_HUMAN.H11MO.0.C	0.224761	1	0.328205	0.722349	0.0782531		0.002237	0.000000	0.049263	0.014125	-0.030730
89	FOXH1_HUMAN.H11MO.0.A	0.00633448	1	0.00102687	0.0182238	0.096986		0.258510	0.000000	0.629137	0.315231	0.054049
90	FOXI1_HUMAN.H11MO.0.B	0.155751	1	0.993369	1	0.00788712		-0.103336	0.000000	0.000289	-0.006788	-0.299569
91	FOXJ2_HUMAN.H11MO.0.C	0.303307	1	0.507145	0.572239	0.306225		0.045034	0.000000	0.030846	0.017481	0.059722
92	FOXJ3_HUMAN.H11MO.0.A	0.569558	1	0.620515	0.900213	0.114722		-0.009112	0.000000	-0.034905	-0.004565	-0.029890
93	FOXK1_HUMAN.H11MO.0.A	5.46976e-05	1.09035e-24	0.00379482	7.41763e-13	0.080761		-0.283787	-3.357255	-0.157352	-1.322116	0.065244
94	FOXM1_HUMAN.H11MO.0.A	0.178188	1	0.0456589	0.0548823	0.0889861		0.134753	0.030103	0.253680	0.257763	0.126012
95	FOXO1_HUMAN.H11MO.0.A	1.81618e-06	1	6.18083e-17	1.59725e-16	0.0755707		-1.074872	0.000000	-2.949614	-2.961962	0.228026
96	FOXO3_HUMAN.H11MO.0.B	6.98439e-07	3.84197e-35	1.43024e-06	4.81042e-17	0.160143		0.460277	1.083141	0.407609	1.125469	0.021609
97	FOXO4_HUMAN.H11MO.0.C	0.343566	1	0.540918	0.900272	0.309466		-0.085222	0.000000	-0.050790	-0.009195	-0.129751
98	FOXP1_HUMAN.H11MO.0.A	1.34212e-05	1.16187e-19	1.16913e-05	1.59167e-10	0.224375		0.389922	0.758003	0.855794	1.435459	0.060275
99	FOXP2_HUMAN.H11MO.0.C	4.55541e-08	6.72455e-39	2.23375e-05	3.58297e-23	0.0976747		-0.105212	-3.582712	0.649912	-1.549037	0.143782
100	FOXQ1_HUMAN.H11MO.0.C	0.375228	1	0.0686119	0.0896103	0.145241		-0.084022	0.060206	-0.156003	-0.157764	-0.057392
101	GABPA_HUMAN.H11MO.0.A	1e-300	1	1e-300	1e-300	5.42201e-08		-21.466376	0.000000	-20.407672	-20.474800	-1.463869
102	GATA1_HUMAN.H11MO.0.A	0.125673	0.0734335	0.372184	0.53518	0.084912		-0.126296	-0.161462	-0.080863	-0.085425	-0.160611
103	GATA2_HUMAN.H11MO.0.A	0.446837	0.170925	0.50586	0.697077	0.0891912		0.019368	-0.242638	-0.000574	-0.012565	0.250352
104	GATA3_HUMAN.H11MO.0.A	0.744024	1	0.0514899	0.105727	0.0686738		0.001862	0.000000	-0.144733	-0.111338	-0.009391
105	GATA4_HUMAN.H11MO.0.A	0.575919	1	0.00914173	0.0168342	0.358981		-0.014889	0.000000	-0.261392	-0.207665	-0.020305
106	GATA6_HUMAN.H11MO.0.A	0.429833	1	0.0466838	0.104186	0.152141		-0.015909	0.000000	-0.154577	-0.114184	0.002612
107	GCR_HUMAN.H11MO.0.A	0.00205011	3.58123e-25	0.426515	2.16371e-07	0.0527864		0.236306	5.310284	-0.037007	0.889596	0.052959
108	GFI1_HUMAN.H11MO.0.C	0.32854	1	0.120417	0.171229	0.137846		0.001937	0.000000	0.101243	0.076642	-0.108640
109	GFI1B_HUMAN.H11MO.0.A	0.320031	1	0.0289222	0.0371392	0.0808845		-0.011547	0.000000	-0.024940	-0.010819	0.053106
110	GLI3_HUMAN.H11MO.0.B	0.0364453	1	0.126215	0.18494	0.00279231		-0.188154	0.000000	0.054755	0.041507	-0.207705
111	GRHL2_HUMAN.H11MO.0.A	0.000536223	1	2.13704e-12	1.47915e-11	0.0409253		0.809954	0.000000	2.893517	2.704129	-0.074519
112	HEN1_HUMAN.H11MO.0.C	0.0199413	1	0.000406242	0.00279492	0.00283993		-0.349572	0.000000	-0.100258	-0.177749	-0.196815
113	HIC1_HUMAN.H11MO.0.C	0.28109	0.398553	0.00966029	0.124058	0.0472408		0.057736	-0.039951	0.122683	0.037509	0.160217
114	HIF1A_HUMAN.H11MO.0.C	5.33273e-126	1e-300	0.254543	8.71984e-286	0.0550256		28.828261	80.388043	0.038085	62.133657	-0.009611
115	HINFP_HUMAN.H11MO.0.C	0.0113123	1	0.00116649	0.0179715	0.0176396		0.127965	0.000000	0.161483	0.086677	-0.095394
116	HLF_HUMAN.H11MO.0.C	0.127754	1	0.108294	0.117908	0.0332623		0.013910	0.000000	-0.103814	-0.114780	0.267670
117	HNF1A_HUMAN.H11MO.0.C	0.778114	1	0.335188	0.396113	0.225548		0.023453	0.000000	-0.041326	-0.052001	-0.059586
118	HNF1B_HUMAN.H11MO.0.A	0.135133	1	0.427443	0.643894	0.0311795		-0.091973	0.000000	-0.033552	-0.012741	-0.150372
119	HNF4A_HUMAN.H11MO.0.A	0.267892	1	0.492194	0.68333	0.0453969		-0.093852	0.000000	-0.020406	-0.016537	-0.036486
120	HNF4G_HUMAN.H11MO.0.B	0.0914045	1	0.675118	0.999379	0.0214725		-0.110693	0.000000	0.017062	0.000027	-0.201667
121	HNF6_HUMAN.H11MO.0.B	0.269428	1	0.178195	0.27853	0.0741056		-0.000462	0.000000	-0.010475	-0.000408	-0.063840
122	HSF1_HUMAN.H11MO.0.A	0.000293752	0.00179829	3.86434e-08	1.23937e-10	0.0185079		0.362780	-0.402597	1.190087	0.791655	0.172155
123	HSF2_HUMAN.H11MO.0.A	0.0654234	0.0615754	0.118264	0.193186	0.00805102		0.108588	0.141382	-0.234792	-0.173449	0.278605
124	HTF4_HUMAN.H11MO.0.A	0.107395	1	0.79582	1	0.0111363		0.033063	0.000000	-0.004592	0.000000	0.109312
125	HXA1_HUMAN.H11MO.0.C	0.639165	0.398469	0.0815874	0.105799	0.21427		-0.006055	0.000000	0.163999	0.135945	0.023636
126	HXA10_HUMAN.H11MO.0.C	0.378303	1	0.169853	0.195995	0.109342		-0.043093	0.030103	-0.136649	-0.130431	-0.083579
127	HXA13_HUMAN.H11MO.0.C	0.540571	1	0.572472	0.719625	0.281102		-0.003374	0.030103	0.020187	0.011284	0.024082
128	HXA9_HUMAN.H11MO.0.B	0.99675	1	1	1	0.324501		-0.000126	0.000000	0.000000	0.000000	0.072612
129	HXB13_HUMAN.H11MO.0.A	0.265925	1	0.179807	0.312294	0.0834824		0.057524	0.000000	-0.009433	0.000000	0.093046
130	HXB4_HUMAN.H11MO.0.B	0.0523331	1	0.253289	0.520899	0.0171308		0.100176	0.000000	-0.070434	-0.028524	0.116129
131	HXB7_HUMAN.H11MO.0.C	0.0766866	1.61122e-12	0.409459	9.68201e-07	0.416678		0.095047	1.641202	0.038626	0.649001	0.008598
132	HXB8_HUMAN.H11MO.0.C	0.145733	1	0.912373	0.956306	0.145705		-0.083848	0.000000	-0.003983	-0.001940	-0.124171
133	HXC9_HUMAN.H11MO.0.C	0.349428	1	0.292148	0.491955	0.267126		0.002396	0.000000	-0.090375	-0.060245	-0.018704
134	IKZF1_HUMAN.H11MO.0.C	0.146195	1	0.0228629	0.113362	0.496176		0.044891	0.000000	0.241405	0.119053	0.040540
135	INSM1_HUMAN.H11MO.0.C	0.000607952	1	2.14542e-07	1.48383e-06	0.0194097		0.201367	0.000000	0.622440	0.522561	0.011062
136	IRF1_HUMAN.H11MO.0.A	6.50074e-06	4.1783e-07	0.00038149	1.58326e-08	0.00762149		1.048339	1.016144	0.501760	1.493888	0.366459
137	IRF2_HUMAN.H11MO.0.A	3.50954e-07	1.41568e-07	2.16266e-06	1.59127e-11	0.0150818		2.034772	3.101641	1.651454	4.072142	-0.025230
138	IRF3_HUMAN.H11MO.0.B	0.00124623	0.00533869	7.28644e-05	8.45365e-05	0.187283		0.778604	-0.073017	0.772671	0.724591	0.218753
139	IRF4_HUMAN.H11MO.0.A	1.81678e-61	1.07268e-185	0.000144978	1.14075e-121	0.147328		6.142720	22.615058	0.596894	16.327606	-0.258545
140	IRF7_HUMAN.H11MO.0.C	0.00384431	1	1.02196e-05	5.25597e-05	0.0582728		-0.463991	0.000000	-0.696021	-0.564639	-0.240954
141	IRF8_HUMAN.H11MO.0.B	4.85073e-50	7.23893e-130	9.0871e-11	1.40573e-96	0.0151939		8.029731	19.495391	2.758898	19.207838	-0.194749
142	IRF9_HUMAN.H11MO.0.C	0.0777855	1	0.0471854	0.0541516	0.0352452		-0.221569	0.000000	-0.585183	-0.545547	0.120940
143	ISL1_HUMAN.H11MO.0.A	0.0880022	1	0.994532	1	0.0274193		0.127154	0.000000	-0.000238	0.000000	0.186528
144	ITF2_HUMAN.H11MO.0.C	0.0765523	1	0.481205	0.653947	0.0188928		-0.070088	0.000000	-0.038262	-0.018446	-0.166584
145	JUN_HUMAN.H11MO.0.A	0.000250279	1	0.0613765	0.0982023	0.00167319		0.097363	-0.030103	0.217063	0.185364	-0.163858
146	JUNB_HUMAN.H11MO.0.A	4.76012e-05	1	0.00850177	0.0247118	0.00226509		0.114565	0.000000	0.079559	0.078308	0.207945
147	JUND_HUMAN.H11MO.0.A	2.25416e-05	1	0.0322437	0.0625697	0.00042067		0.220047	0.000000	0.065203	0.073513	0.218516
148	KAISO_HUMAN.H11MO.0.A	0.07491	1	0.0549079	0.269876	0.00283863		0.074821	0.000000	-0.079846	-0.015904	0.366002
149	KLF1_HUMAN.H11MO.0.A	0.00126359	1	0.528413	0.716933	0.000369916		0.537326	0.000000	-0.031879	-0.017652	1.187235
150	KLF12_HUMAN.H11MO.0.C	0.00211074	1	0.06564	0.108716	3.42564e-05		0.150487	0.000000	-0.284423	-0.209646	0.776654
151	KLF15_HUMAN.H11MO.0.A	2.50709e-05	1.16382e-06	1.45365e-07	1.67875e-08	0.00131443		0.527713	0.217362	-0.223329	0.296518	0.138576
152	KLF3_HUMAN.H11MO.0.B	6.04638e-06	1	0.000270155	0.00283406	3.97002e-07		0.780492	0.000000	0.221316	-0.196140	1.085618
153	KLF4_HUMAN.H11MO.0.A	0.0100239	1	0.312729	0.682242	0.000410457		0.259682	0.000000	-0.056136	-0.016606	0.727667
154	KLF5_HUMAN.H11MO.0.A	0.00604048	1	0.0434988	0.191977	0.000913756		0.584774	0.000000	0.096493	0.026079	0.879823
155	KLF6_HUMAN.H11MO.0.A	0.000203581	0.737839	0.0080708	0.0150295	1.05637e-06		1.056822	0.006429	0.163823	0.167161	1.489996
156	KLF8_HUMAN.H11MO.0.C	0.0630258	1	0.220786	0.653682	0.0203765		-0.124580	0.000000	0.075339	0.018464	-0.218461
157	KLF9_HUMAN.H11MO.0.C	1.31337e-05	1	2.3575e-07	7.03393e-06	7.84125e-06		0.068139	0.000000	-0.788909	-0.656685	0.733543
158	LEF1_HUMAN.H11MO.0.A	0.00872087	1	1.18781e-06	9.41927e-06	0.1677		-0.323924	0.000000	-1.073711	-1.039473	0.117210
159	LHX2_HUMAN.H11MO.0.A	0.572928	1	0.976117	0.976117	0.145633		0.027872	0.000000	-0.001050	-0.001050	0.042400
160	LHX3_HUMAN.H11MO.0.C	1	1	1	1	0.585122		0.000000	0.120412	0.000000	0.000000	0.008120
161	LYL1_HUMAN.H11MO.0.A	1.99591e-06	1	1.41229e-16	4.66732e-15	0.00219985		-0.981266	0.000000	-3.038981	-2.661085	0.264489
162	MAF_HUMAN.H11MO.0.A	0.0920686	1	0.0227549	0.224435	0.262641		-0.137530	0.014041	0.093250	-0.051364	-0.092722
163	MAFB_HUMAN.H11MO.0.B	0.0244145	1	0.0218192	0.0474317	0.00762224		0.130710	0.000000	-0.195392	-0.169330	0.251079
164	MAFF_HUMAN.H11MO.0.B	0.0383231	1	0.0139299	0.0767926	0.0211238		-0.070955	0.000000	0.308954	0.141374	-0.240785
165	MAFG_HUMAN.H11MO.0.A	0.0511647	1	0.000526877	0.0156855	0.140048		-0.005118	0.000000	0.123191	0.058225	0.100779
166	MAFK_HUMAN.H11MO.0.A	0.079168	1	0.0127243	0.0910497	0.0199492		0.089070	0.000000	0.158644	-0.013767	0.158192
167	MAX_HUMAN.H11MO.0.A	0.0124307	1	0.32032	0.37502	0.00264358		-0.181457	0.000000	-0.029579	-0.042595	-0.142858
168	MAZ_HUMAN.H11MO.0.A	1.2664e-05	7.16251e-09	1.56002e-06	6.10522e-10	0.0228084		0.273541	-0.216739	-1.003850	-0.939014	0.486798
169	MBD2_HUMAN.H11MO.0.B	4.28574e-08	1	3.64258e-13	2.38355e-11	0.00263745		1.058561	0.000000	0.304877	0.141325	0.635414
171	MEF2A_HUMAN.H11MO.0.A	0.809319	1	0.963513	0.990747	0.128603		-0.009177	0.090309	0.001614	0.000404	-0.056183
172	MEF2B_HUMAN.H11MO.0.A	0.646618	1	1	1	0.276219		0.007641	0.000000	0.000000	0.000000	-0.067109
173	MEF2C_HUMAN.H11MO.0.A	0.65775	0.932546	1	1	0.0590845		0.020273	0.033136	0.000000	0.000000	0.216379
174	MEF2D_HUMAN.H11MO.0.A	0.564155	1	1	1	0.0662255		0.005076	0.030103	0.014249	0.014249	0.055412
175	MEIS1_HUMAN.H11MO.0.A	0.81763	1	0.849187	0.915613	0.456426		-0.008744	0.000000	0.000720	0.001355	-0.012881
176	MEIS2_HUMAN.H11MO.0.B	0.0385418	0.0912056	0.0112487	0.00234023	0.138001		0.104800	0.061454	0.163807	0.246888	-0.059228
177	MITF_HUMAN.H11MO.0.A	0.0139597	1	0.401819	0.579054	0.000714199		-0.180822	0.000000	-0.000833	0.005154	-0.342942
178	MTF1_HUMAN.H11MO.0.C	0.112225	1	0.045544	0.114287	0.0525274		0.027925	0.000000	0.000160	-0.055651	0.177852
179	MXI1_HUMAN.H11MO.0.A	0.0412237	1	0.730093	1	0.00140571		-0.213845	0.000000	0.013470	0.000000	-0.357972
180	MYB_HUMAN.H11MO.0.A	0.00455857	0.000169814	0.447717	0.542697	0.00229273		0.034993	0.377003	0.027300	0.046279	0.095299
181	MYC_HUMAN.H11MO.0.A	0.0098341	1	0.3453	0.484013	0.0089637		-0.238885	0.000000	-0.045861	-0.031514	-0.150857
182	MYCN_HUMAN.H11MO.0.A	0.00462635	1	0.605165	0.672526	0.000358142		-0.128713	0.000000	-0.003802	0.003726	-0.163660
184	MYOD1_HUMAN.H11MO.0.A	0.0614522	0.0014832	1	0.150346	0.00489706		-0.075143	-0.426181	0.000000	-0.089956	0.047304
185	MYOG_HUMAN.H11MO.0.B	0.0672221	1	0.88152	1	0.0014867		0.002944	0.000000	0.005282	0.000000	-0.058912
186	MZF1_HUMAN.H11MO.0.B	0.114806	1	0.00498958	0.0132186	0.0305244		0.085000	0.000000	-0.514743	-0.413849	0.414314
187	NANOG_HUMAN.H11MO.0.A	0.806618	1	0.257275	0.504639	0.259726		0.008501	0.000000	-0.071341	-0.032208	0.072283
188	NDF1_HUMAN.H11MO.0.A	0.352987	1	0.500447	0.995924	0.00901155		0.053954	0.000000	-0.041369	-0.000272	0.238983
189	NDF2_HUMAN.H11MO.0.B	0.0660131	1	0.0291711	0.191674	0.0215687		0.090796	0.000000	0.212783	0.085057	0.185319
191	NF2L2_HUMAN.H11MO.0.A	0.0120112	0.0603128	0.00175474	0.0016811	0.0297651		-0.012297	-0.131452	0.214205	-0.011375	-0.071016
192	NFAC1_HUMAN.H11MO.0.B	4.16964e-06	0.418161	8.65304e-19	3.55629e-17	0.373279		0.085888	0.039231	0.431216	0.394538	0.035058
193	NFAC2_HUMAN.H11MO.0.B	0.921702	8.28855e-06	0.990289	0.28083	0.118355		0.003477	-0.014155	0.014047	0.000000	0.100073
194	NFAC3_HUMAN.H11MO.0.B	0.559669	0.132259	0.229726	0.576561	0.196919		0.011686	0.000000	0.063639	0.023915	0.143454
195	NFAC4_HUMAN.H11MO.0.C	0.000610819	7.29669e-37	0.965131	5.7193e-14	0.0120775		-0.015898	-0.482401	-0.002476	-0.096696	0.151901
196	NFE2_HUMAN.H11MO.0.A	0.032404	1	0.0108528	0.0238369	0.00892742		-0.228923	0.000000	-0.066249	-0.109071	-0.406591
197	NFIA_HUMAN.H11MO.0.C	0.0393076	0.00863407	0.063297	0.0472874	0.0167344		-0.106882	-0.253253	0.126862	0.117124	-0.158302
198	NFIC_HUMAN.H11MO.0.A	0.0691914	0.00304332	0.0665793	0.0085666	0.0506442		-0.137801	-0.182344	0.116200	0.102133	-0.016331
199	NFKB1_HUMAN.H11MO.0.A	0.340026	1	0.000294897	0.0159071	0.0801799		-0.024188	0.000000	-0.601340	-0.356209	0.123059
200	NFKB2_HUMAN.H11MO.0.B	0.000282433	1.68252e-12	0.385552	3.95159e-05	0.000179543		-0.264158	1.328347	-0.017479	0.000252	-0.193270
201	NFYA_HUMAN.H11MO.0.A	0.0167322	1	0.578523	0.720246	0.00382285		0.097338	0.000000	0.044244	0.014325	-0.365772
202	NFYB_HUMAN.H11MO.0.A	0.26366	1	0.898567	1	0.0337278		-0.092915	0.000000	0.004645	0.000000	-0.441878
203	NFYC_HUMAN.H11MO.0.A	0.125618	1	0.816351	1	0.00845921		-0.009005	0.000000	0.019579	0.000000	-0.212268
204	NKX21_HUMAN.H11MO.0.A	0.570575	1	0.153883	0.36893	0.696014		0.018424	0.000000	0.063837	0.032178	-0.000037
205	NKX25_HUMAN.H11MO.0.B	1.50286e-21	3.00847e-87	0.000146185	4.16054e-50	0.158114		-0.198743	1.636988	-0.524606	0.599933	0.005898
206	NKX28_HUMAN.H11MO.0.C	0.447606	1	0.0368233	0.171073	0.165224		-0.056976	0.000000	0.161231	0.076682	-0.167399
207	NKX31_HUMAN.H11MO.0.C	8.43646e-11	1	1.46967e-31	2.18842e-30	0.0516467		1.250087	0.000000	3.512740	3.375651	0.075808
208	NKX32_HUMAN.H11MO.0.C	0.497085	1	0.911349	0.991424	0.090101		0.022414	0.000000	0.001309	-0.009172	0.028295
209	NKX61_HUMAN.H11MO.0.B	1	0.564677	0.94491	1	0.742018		0.000000	0.024820	-0.002461	0.000000	-0.012959
210	NOBOX_HUMAN.H11MO.0.C	0.83623	1	1	1	0.0904511		-0.011741	0.000000	0.000000	0.000000	0.061250
211	NR1D1_HUMAN.H11MO.0.B	0.00591413	1	2.11542e-09	8.46811e-07	0.281369		0.393443	0.000000	1.852281	1.015625	-0.015239
212	NR1H3_HUMAN.H11MO.0.B	0.00106506	0.0310866	0.00589795	0.0137487	0.000128117		0.724508	0.123064	0.306750	0.409310	0.564533
213	NR1H4_HUMAN.H11MO.0.B	0.228904	1	0.108883	0.384928	0.00706864		-0.090296	0.000000	-0.116164	-0.030336	-0.061234
214	NR1I2_HUMAN.H11MO.0.C	0.374083	0.0307774	0.311275	0.254412	0.478593		0.034967	-0.086870	-0.063574	-0.027326	0.056792
215	NR1I3_HUMAN.H11MO.0.C	0.446836	0.0429621	0.323735	0.186228	0.0775157		0.039610	0.213497	0.037728	0.061152	0.114964
216	NR2C1_HUMAN.H11MO.0.C	0.0696445	0.0033266	0.0734958	0.0186235	0.338317		-0.110458	0.200711	-0.105525	-0.174201	-0.013807
217	NR2C2_HUMAN.H11MO.0.B	4.83614e-08	1	5.21378e-15	1.78997e-14	0.024683		-0.779249	0.000000	-2.487874	-2.407794	0.304470
218	NR2E3_HUMAN.H11MO.0.C	0.0744383	1	0.207256	0.329206	0.178162		0.025032	0.000000	0.074884	0.078913	0.036949
219	NR4A1_HUMAN.H11MO.0.A	0.142984	1	0.00108381	0.0110159	0.171478		-0.107306	0.000000	-0.202656	-0.147918	-0.035484
220	NR4A2_HUMAN.H11MO.0.C	0.602032	1	0.0140427	0.117068	0.450726		0.022038	0.000000	0.286564	0.135682	-0.004350
221	NR5A2_HUMAN.H11MO.0.B	0.921468	1	1	1	0.173239		-0.003552	0.000000	0.000000	0.000000	-0.076140
222	NR6A1_HUMAN.H11MO.0.B	0.548795	1	0.222856	0.272726	0.306787		0.054782	0.000000	-0.021691	-0.014556	-0.058973
223	NRF1_HUMAN.H11MO.0.A	0.0378058	0.0944596	0.197209	0.614438	0.00564907		0.137268	0.102475	0.086666	0.006899	0.104051
224	OLIG2_HUMAN.H11MO.0.B	0.01056	2.22415e-05	0.0892263	0.0028371	0.0274543		0.094882	-0.426327	0.006000	-0.266082	0.250587
225	OSR2_HUMAN.H11MO.0.C	0.0101703	5.33631e-11	0.0569523	0.0013575	0.0187549		0.328650	0.948523	0.204655	0.463773	0.030673
226	OTX2_HUMAN.H11MO.0.A	0.378704	1	0.265495	0.387336	0.196088		-0.075936	0.000000	-0.098039	-0.054853	-0.003335
227	OVOL1_HUMAN.H11MO.0.C	0.205937	0.149208	0.260164	0.595671	0.0744118		0.007125	-0.082621	0.066515	0.015509	0.098082
228	OZF_HUMAN.H11MO.0.C	0.0468161	0.110674	0.000164654	0.000394107	0.231109		0.237605	0.147041	0.525299	0.405638	0.091230
229	P53_HUMAN.H11MO.0.A	0.394102	1	0.210304	0.470593	0.219936		-0.049629	0.000000	0.135966	0.032735	-0.104624
230	P63_HUMAN.H11MO.0.A	0.0334719	0.00296679	0.0426611	0.005015	0.0808215		0.113969	0.346782	0.162535	0.351685	0.015254
231	P73_HUMAN.H11MO.0.A	0.241316	0.600115	0.0919808	0.291017	0.210875		0.069193	0.020367	0.232618	0.124633	-0.106960
232	PATZ1_HUMAN.H11MO.0.C	6.62168e-05	2.76024e-05	1.32747e-05	5.87692e-08	0.0258111		0.492278	0.246111	-0.614894	-0.245605	0.564587
233	PAX5_HUMAN.H11MO.0.A	0.0481185	0.26466	0.0406195	0.0270003	0.0384401		0.178165	0.057241	0.169333	0.145914	0.298569
234	PAX6_HUMAN.H11MO.0.C	0.0052957	1	0.000169639	0.000368346	0.146271		0.402950	0.000000	0.657929	0.628676	0.060989
235	PBX1_HUMAN.H11MO.0.A	0.0513387	1	0.00272512	0.0185105	0.0817354		-0.124637	0.000000	0.283673	0.169447	-0.052822
236	PBX2_HUMAN.H11MO.0.C	0.141283	1	0.000647043	0.00194183	0.0554437		0.108009	0.000000	0.711010	0.541242	-0.194695
237	PBX3_HUMAN.H11MO.0.A	0.186717	1	0.00391551	0.0222605	0.33314		0.211661	0.000000	0.310541	0.203166	0.086672
238	PDX1_HUMAN.H11MO.0.A	0.318578	1	0.980124	1	0.0872007		-0.024882	0.000000	-0.000127	0.000000	-0.082595
239	PEBB_HUMAN.H11MO.0.C	3.26378e-05	1	9.00169e-13	3.44463e-11	2.97431e-05		1.144918	0.000000	2.725628	2.228808	-0.198225
240	PIT1_HUMAN.H11MO.0.C	0.752241	1	0.976062	0.995618	0.254918		0.012364	0.030103	0.000000	0.000000	0.046904
241	PKNX1_HUMAN.H11MO.0.B	0.0159113	1	0.000505816	0.00261604	0.179554		0.105610	0.000000	0.122984	0.098414	0.092218
242	PO2F1_HUMAN.H11MO.0.C	0.107352	1	0.014795	0.0603239	0.285002		-0.023415	0.000000	0.216182	0.095437	-0.150425
243	PO2F2_HUMAN.H11MO.0.A	0.299425	1	0.302203	0.352781	0.411724		-0.052198	0.000000	-0.051970	-0.045249	-0.083431
244	PO3F1_HUMAN.H11MO.0.C	0.0142195	1.43802e-08	0.395857	0.0032539	0.11487		0.075142	0.372767	0.039085	0.151537	0.093774
245	PO3F2_HUMAN.H11MO.0.A	0.366284	0.0121347	0.0514764	0.0839871	0.342932		-0.074064	0.252433	-0.214671	-0.044830	-0.038710
246	PO5F1_HUMAN.H11MO.0.A	0.612393	1	0.785181	0.992593	0.166352		0.010543	0.000000	-0.021769	0.000000	0.022420
247	PPARA_HUMAN.H11MO.0.B	0.274566	0.272291	0.037464	0.141191	0.102471		0.084626	-0.087577	0.185607	0.037278	0.107129
248	PPARG_HUMAN.H11MO.0.A	0.0133086	0.00844369	0.00488617	0.0149089	0.0201275		0.181318	-0.274396	0.529512	0.204608	-0.049291
249	PRD14_HUMAN.H11MO.0.A	0.00478583	1	0.0038875	0.00546772	0.208179		-0.022634	0.000000	0.002425	0.015085	-0.180838
250	PRDM1_HUMAN.H11MO.0.A	1.22632e-06	0.0485881	1.31169e-12	2.19933e-11	0.0429146		0.800565	-0.000290	0.704787	0.546290	0.179428
251	PRDM6_HUMAN.H11MO.0.C	0.00556899	1.72691e-12	0.0488793	0.00122394	0.144503		0.163957	0.833849	-0.151991	0.144701	0.101610
252	PRGR_HUMAN.H11MO.0.A	7.90948e-06	5.81392e-33	0.115774	6.53321e-12	0.153661		1.275061	9.914281	-0.121552	2.609897	0.073615
254	PTF1A_HUMAN.H11MO.0.B	0.0100464	2.33629e-05	0.00705635	0.00414749	0.00192189		0.122189	0.532734	-0.244257	-0.117869	0.262492
255	RARA_HUMAN.H11MO.0.A	0.0142374	0.000203394	0.0630584	0.00135582	0.0438569		-0.282146	0.213625	-0.080427	0.012347	-0.229525
256	RARG_HUMAN.H11MO.0.B	0.0763611	0.0669215	0.00570361	0.0169278	0.449458		-0.198585	0.276147	-0.373016	-0.231198	-0.012783
257	REL_HUMAN.H11MO.0.B	0.00099909	8.43202e-11	0.116616	0.000307834	0.115781		0.019983	0.460405	-0.087635	-0.176193	0.083945
258	RELB_HUMAN.H11MO.0.C	0.0722588	0.119459	0.0186765	0.019296	0.00949016		-0.204506	0.090359	0.066342	0.099740	-0.389002
259	REST_HUMAN.H11MO.0.A	0.385926	0.71534	0.0552087	0.391876	0.241913		-0.056604	-0.015856	-0.042427	-0.058569	-0.001274
260	RFX1_HUMAN.H11MO.0.B	0.000122099	0.646145	0.000331916	0.030121	7.68e-05		-0.305348	-0.018498	-0.200500	-0.061821	-0.471341
261	RFX2_HUMAN.H11MO.0.A	0.00365444	1	0.0643954	0.286989	0.000793711		-0.308648	0.000000	0.206428	0.021041	-0.777036
262	RFX3_HUMAN.H11MO.0.B	0.0026705	1	0.113318	0.181521	0.000331665		-0.048590	0.000000	0.247924	0.120263	-0.332263
263	RFX5_HUMAN.H11MO.0.A	0.00566816	0.195841	0.0856589	0.0373781	0.0553781		-0.379497	-0.110589	-0.115556	-0.390475	0.027235
264	RORA_HUMAN.H11MO.0.C	0.468886	1	0.2439	0.309987	0.308032		-0.024311	0.000000	0.066715	0.030891	-0.014477
265	RORG_HUMAN.H11MO.0.C	1.52417e-10	1	2.89398e-15	2.65191e-14	0.00843122		1.292180	0.000000	2.687349	2.514470	0.058685
266	RUNX1_HUMAN.H11MO.0.A	2.72491e-11	1	3.40279e-20	2.06975e-18	1.91651e-07		1.800162	0.000000	3.697855	3.296799	-0.097891
267	RUNX2_HUMAN.H11MO.0.A	1.40456e-06	1	1.6386e-11	1.28834e-09	0.00167775		1.950503	0.000000	3.731834	3.016994	0.249074
268	RUNX3_HUMAN.H11MO.0.A	7.82687e-09	1	5.42045e-15	3.03321e-12	2.74106e-07		0.876488	0.000000	3.219603	2.629552	-0.267855
269	RXRA_HUMAN.H11MO.0.A	0.016877	0.00223623	0.000415529	0.000205889	0.165864		0.124161	-0.323224	-0.075352	-0.243746	0.195312
270	RXRB_HUMAN.H11MO.0.C	0.198036	1	0.0742689	0.239204	0.119888		-0.053152	0.000000	0.315958	0.185625	-0.111591
271	RXRG_HUMAN.H11MO.0.B	0.427792	1	0.0844408	0.104039	0.149102		-0.013223	0.000000	-0.108784	-0.091289	0.020834
272	SALL4_HUMAN.H11MO.0.B	0.0319089	1	0.553845	0.799964	0.00959629		0.351934	0.000000	0.038211	0.004801	0.555808
273	SIX1_HUMAN.H11MO.0.A	0.219716	1	0.0387862	0.085469	0.255154		0.040752	0.000000	-0.385376	-0.307336	0.094392
274	SIX2_HUMAN.H11MO.0.A	0.128402	1	0.000725866	0.00193912	0.558078		-0.011654	0.000000	-0.490954	-0.441871	0.084954
275	SMAD2_HUMAN.H11MO.0.A	0.1351	1	0.105447	0.161846	0.0205086		0.014032	0.000000	-0.151017	-0.130698	-0.008868
276	SMAD3_HUMAN.H11MO.0.B	0.041026	1	0.0249995	0.0400227	0.0175242		0.108305	0.000000	0.048695	0.014956	0.078102
277	SMAD4_HUMAN.H11MO.0.B	0.106927	1	0.00387279	0.00607201	0.0169086		-0.118541	0.000000	0.021177	-0.010981	-0.164538
278	SMCA1_HUMAN.H11MO.0.C	2.7066e-06	1.22842e-36	0.232264	4.19165e-13	0.25434		-1.194761	0.685435	0.050854	-1.796317	-0.113725
279	SMCA5_HUMAN.H11MO.0.C	0.0516543	3.46589e-06	0.107413	0.00068467	0.186824		0.065189	-0.962459	0.158449	-0.295327	0.023788
281	SNAI2_HUMAN.H11MO.0.A	0.0325096	1	0.15788	0.381606	0.00710954		-0.297341	0.000000	-0.115408	-0.056038	-0.550380
282	SOX10_HUMAN.H11MO.0.B	0.102654	0.120229	0.637635	0.389371	0.0560428		-0.076983	-0.002579	-0.013402	-0.035756	-0.089635
283	SOX17_HUMAN.H11MO.0.C	0.172218	1	0.185051	0.397439	0.00944145		0.059855	0.000000	-0.000671	0.007408	0.155813
284	SOX2_HUMAN.H11MO.0.A	0.0863855	1	0.013948	0.0192424	0.0623229		-0.059809	0.000000	-0.293852	-0.257080	-0.053246
285	SOX3_HUMAN.H11MO.0.B	0.397079	1	0.0188484	0.0231142	0.172993		-0.002623	0.000000	-0.123897	-0.136229	-0.006183
286	SOX4_HUMAN.H11MO.0.B	0.14904	1	0.0674775	0.0953081	0.0563075		-0.040313	0.000000	-0.108700	-0.095939	-0.017347
287	SOX5_HUMAN.H11MO.0.C	0.818448	1	0.770059	0.942969	0.544066		-0.008701	0.000000	-0.021453	-0.003407	0.027308
288	SOX9_HUMAN.H11MO.0.B	0.646185	0.305465	0.647075	0.787999	0.232019		-0.018964	-0.044750	-0.011960	-0.000659	0.107496
289	SP1_HUMAN.H11MO.0.A	0.00154908	0.998424	0.000906223	0.0115878	2.50926e-05		0.095965	-0.000069	0.076522	-0.074246	0.697690
290	SP2_HUMAN.H11MO.0.A	0.010749	1	0.00489759	0.0458366	0.000261818		0.377775	0.000000	-0.183136	-0.139525	0.918911
291	SP3_HUMAN.H11MO.0.B	0.00105041	1	0.00188409	0.0739756	0.000134604		0.703622	0.000000	-0.023088	-0.009105	1.298600
292	SP4_HUMAN.H11MO.0.A	6.56555e-06	0.0643415	9.00836e-07	6.79656e-05	0.00263527		0.110074	0.309816	-1.287234	-0.314284	0.471159
293	SPI1_HUMAN.H11MO.0.A	9.1257e-186	1e-300	0.000268473	1e-300	0.0812073		26.689765	85.449421	-0.240641	54.006497	-0.130589
294	SPIB_HUMAN.H11MO.0.A	3.51149e-217	1e-300	0.00126961	1e-300	0.0354914		29.156063	94.824146	-0.408736	56.121830	-0.140815
295	SRBP1_HUMAN.H11MO.0.A	0.241094	1	0.00550962	0.00813021	0.0380715		-0.059498	0.000000	0.094243	0.085600	-0.226486
296	SRBP2_HUMAN.H11MO.0.B	0.0453751	1	0.443322	0.768212	0.0554501		0.065457	0.000000	0.076343	0.021860	-0.159261
297	SRF_HUMAN.H11MO.0.A	0.282304	0.591214	0.205717	0.192448	0.283473		-0.003777	-0.015386	-0.040444	-0.080617	0.004856
298	SRY_HUMAN.H11MO.0.B	0.769457	1	0.98661	1	0.38607		-0.011529	0.000000	-0.000585	0.000000	-0.068997
299	STA5A_HUMAN.H11MO.0.A	1.34211e-05	1	2.14404e-11	8.40322e-10	0.00520397		-0.245881	0.000000	1.269840	1.047040	-0.525617
300	STA5B_HUMAN.H11MO.0.A	0.00873843	1	0.00173463	0.00206191	0.00293968		-0.348977	0.030103	-0.175546	-0.150119	-0.389158
301	STAT1_HUMAN.H11MO.0.A	5.84099e-07	2.9624e-24	0.0335049	6.29118e-12	0.00139779		0.214155	5.064143	-0.003193	1.442052	-0.402679
302	STAT2_HUMAN.H11MO.0.A	0.00110658	0.19868	4.09114e-06	2.53224e-05	0.325376		-0.099712	0.032486	-0.404451	-0.239722	-0.005287
303	STAT3_HUMAN.H11MO.0.A	0.000357466	1	3.30148e-05	5.4907e-05	0.0369721		-0.489357	0.000000	-0.252352	-0.226777	-0.185670
304	STAT4_HUMAN.H11MO.0.A	4.48198e-06	1	2.49998e-16	8.5392e-15	0.00743961		-0.058177	0.000000	3.219689	2.926254	-0.356521
305	STAT6_HUMAN.H11MO.0.B	5.33503e-08	1	1.76419e-15	5.00659e-14	0.0540055		0.162178	0.000000	1.164062	0.850916	-0.140881
306	STF1_HUMAN.H11MO.0.B	0.586242	1	1	1	0.0453916		-0.033753	0.000000	0.000000	0.000000	-0.222831
307	SUH_HUMAN.H11MO.0.A	0.134573	1	0.273321	0.565925	0.0221922		-0.014201	0.000000	0.000000	0.000000	0.274387
308	TAF1_HUMAN.H11MO.0.A	4.15409e-13	6.5614e-27	5.59088e-10	1.33047e-23	0.0192929		2.624678	8.201957	1.854621	7.280978	-0.614819
309	TAL1_HUMAN.H11MO.0.A	0.174857	0.482196	0.247987	0.694372	0.0339127		0.058470	-0.035847	-0.051379	0.001752	0.092890
310	TBP_HUMAN.H11MO.0.A	0.357138	1	0.178106	0.366805	0.219785		0.041814	0.000000	-0.003874	0.005483	0.013920
311	TBX21_HUMAN.H11MO.0.A	0.00152062	0.0152502	5.29893e-05	0.000286891	0.036341		0.314724	0.275250	0.589288	0.506468	0.047360
312	TBX3_HUMAN.H11MO.0.C	0.290479	1	0.170564	0.276283	0.0141951		0.168984	0.000000	0.020656	0.019790	0.454730
313	TCF7_HUMAN.H11MO.0.A	0.00130417	0.000662799	0.0257522	0.000222516	0.358971		-0.097537	-0.305470	-0.159979	-0.246705	-0.006058
314	TEAD1_HUMAN.H11MO.0.A	0.500189	1	0.528498	0.56266	0.455781		0.026655	0.030103	0.053796	0.041728	0.030278
315	TEAD4_HUMAN.H11MO.0.A	0.769852	1	0.649077	0.884035	0.244803		0.011359	0.030103	0.000000	0.000000	0.039831
316	TF65_HUMAN.H11MO.0.A	0.000318987	0.00502521	0.000110715	0.000140266	0.00370175		-0.704826	0.051073	-0.764210	-0.687508	-0.481859
317	TF7L1_HUMAN.H11MO.0.B	0.0561801	4.11227e-05	0.0242228	0.0320011	0.155801		-0.130355	0.133691	-0.199864	-0.143015	-0.036714
318	TF7L2_HUMAN.H11MO.0.A	0.034987	1	0.0247348	0.0465818	0.196088		-0.198212	0.000000	0.018851	0.020270	-0.072686
319	TFAP4_HUMAN.H11MO.0.A	0.0836927	1	0.324399	0.475337	0.0015272		0.000127	0.000000	-0.037866	-0.021229	-0.009623
320	TFDP1_HUMAN.H11MO.0.C	2.16569e-08	1	4.71043e-13	8.51632e-11	0.00432387		1.802575	0.000000	3.452704	2.750858	0.195107
321	TFE2_HUMAN.H11MO.0.A	0.0752631	1	0.128357	0.208373	0.00288212		0.101321	0.000000	0.103307	0.074382	-0.105527
322	TFE3_HUMAN.H11MO.0.B	0.0660245	1	0.129332	0.242498	0.0205467		-0.176818	0.000000	0.065420	0.009085	-0.314453
323	TFEB_HUMAN.H11MO.0.C	0.0634818	1	0.24422	0.42673	0.00907874		-0.197081	0.000000	0.037384	0.030539	-0.262218
325	THA_HUMAN.H11MO.0.C	0.460802	1	0.264171	0.507145	0.249379		0.069524	0.060206	0.120150	0.061471	-0.046897
326	THA11_HUMAN.H11MO.0.B	0.130598	0.0388618	0.00258502	0.00610304	0.000468017		-0.002718	0.289855	-0.117668	0.123567	-0.477083
327	THAP1_HUMAN.H11MO.0.C	0.00774983	0.0110703	0.491849	0.361854	0.00302872		-0.219937	0.686468	0.030680	0.080131	-0.472836
328	THB_HUMAN.H11MO.0.C	0.0155144	0.245683	0.101997	0.0745221	0.0133385		0.194009	0.027714	0.133598	0.071010	0.080524
329	TWST1_HUMAN.H11MO.0.A	0.61292	0.263903	0.209699	0.457923	0.0447674		-0.005847	0.092227	-0.067694	-0.024668	0.037102
330	TYY1_HUMAN.H11MO.0.A	0.0356843	1	0.369889	0.38524	0.000775783		-0.163826	0.000000	-0.024791	-0.029525	-0.441009
331	USF1_HUMAN.H11MO.0.A	0.0928641	1	0.56957	0.60393	0.0104418		-0.229342	0.000000	-0.000860	-0.000356	-0.137469
332	USF2_HUMAN.H11MO.0.A	0.000292912	0.951071	0.058497	0.256793	0.00135051		-0.480056	0.000000	-0.192344	-0.061907	-0.478555
333	VDR_HUMAN.H11MO.0.A	0.0314749	0.0291129	0.435107	0.206541	0.00406839		-0.029071	0.349217	0.045875	0.123304	-0.044360
334	VEZF1_HUMAN.H11MO.0.C	1.07719e-07	8.53996e-13	1.54551e-08	3.5754e-15	0.0138423		-0.773359	-0.986895	-1.351628	-2.194438	0.309993
335	WT1_HUMAN.H11MO.0.C	5.83797e-06	7.89354e-08	4.00396e-06	7.22286e-09	0.000315073		0.797647	0.675135	-0.811550	-0.118770	0.690763
336	Z324A_HUMAN.H11MO.0.C	0.000825046	5.61599e-07	0.0487538	8.10679e-06	0.00423159		-0.470328	-1.312470	-0.242389	-1.325127	0.180809
337	Z354A_HUMAN.H11MO.0.C	0.817702	0.0646281	0.683538	0.273793	0.33864		-0.004021	0.114642	0.018276	0.026184	0.047152
338	ZBT14_HUMAN.H11MO.0.C	0.0316531	1	2.40686e-06	0.0001444	0.00199715		0.129840	0.000000	0.366790	0.340334	0.299281
339	ZBT17_HUMAN.H11MO.0.A	2.63806e-07	1.09731e-06	1.1675e-06	3.51456e-10	0.00356124		-0.470357	-0.778971	-1.056385	-1.559504	0.119108
340	ZBT18_HUMAN.H11MO.0.C	0.118439	1	0.99168	1	0.00784337		-0.065934	0.000000	-0.000657	0.000000	0.047257
341	ZBT48_HUMAN.H11MO.0.C	0.0695488	1	0.503493	0.646734	0.0437527		0.123109	0.000000	-0.015446	-0.018732	0.194102
342	ZBT7A_HUMAN.H11MO.0.A	0.553426	1	0.526601	0.993493	0.279789		0.025694	0.000000	0.012168	-0.000284	0.117781
343	ZBTB6_HUMAN.H11MO.0.C	0.218894	1	0.158576	0.308729	0.15479		-0.006173	0.000000	0.037375	0.005580	-0.103769
344	ZEB1_HUMAN.H11MO.0.A	0.00220745	1	5.98432e-05	0.000827596	0.113244		0.009178	0.000000	0.145158	0.084649	-0.015229
345	ZFP28_HUMAN.H11MO.0.C	0.0239675	1.42494e-07	0.320159	6.98822e-06	0.0176284		0.171708	0.479082	0.005862	0.195559	0.160123
346	ZFP42_HUMAN.H11MO.0.A	0.0122577	1	0.107756	0.155205	0.000594764		-0.239743	0.000000	0.224121	0.176755	-0.779149
347	ZFP82_HUMAN.H11MO.0.C	0.0179621	0.000585218	0.000145546	0.000114945	0.349674		0.210278	0.558482	0.607627	1.023587	-0.041883
348	ZFX_HUMAN.H11MO.0.A	0.481328	1	0.178807	0.521146	0.15465		0.041597	0.000000	0.033279	0.002355	0.066980
349	ZIC1_HUMAN.H11MO.0.B	0.0909497	1	0.626695	1	0.00680736		0.061286	0.000000	0.020294	0.000000	0.388743
350	ZIC3_HUMAN.H11MO.0.B	0.00378794	0.00189444	1.0207e-05	0.000129464	0.00708756		0.568676	0.612885	0.826659	1.019817	-0.072278
351	ZIM3_HUMAN.H11MO.0.C	0.00589358	2.42647e-12	0.434727	0.000266054	0.141053		0.470080	2.227480	0.015139	0.569168	0.111738
352	ZKSC1_HUMAN.H11MO.0.B	0.0173352	3.96238e-08	0.993664	0.0337464	0.0336264		0.432201	2.075172	-0.000167	0.488431	0.213401
353	ZN121_HUMAN.H11MO.0.C	0.339723	1	0.866576	0.978772	0.0598581		0.012294	0.060206	0.008021	-0.000932	0.070133
354	ZN134_HUMAN.H11MO.0.C	0.0207598	0.997823	0.00642729	0.0607591	0.0974914		0.067178	0.000095	0.509556	0.177563	0.019446
355	ZN136_HUMAN.H11MO.0.C	0.373049	0.042756	0.518387	0.331597	0.204354		0.002725	-0.125458	0.005303	0.014507	0.069802
356	ZN140_HUMAN.H11MO.0.C	5.63895e-05	1.0597e-13	0.00155672	2.60643e-12	0.0867984		0.803323	3.740904	0.334261	2.671881	-0.161051
357	ZN143_HUMAN.H11MO.0.A	0.0442502	0.948883	0.0500108	0.103801	0.00061688		-0.255332	-0.012325	-0.189707	-0.155807	-0.574175
358	ZN214_HUMAN.H11MO.0.C	0.0477686	0.00372022	0.00134834	0.00121534	0.37448		0.287356	0.353851	0.503825	0.712601	-0.021445
359	ZN250_HUMAN.H11MO.0.C	0.167502	0.985201	0.0229953	0.158677	0.0841471		0.000159	0.000000	-0.022883	-0.035465	-0.021883
360	ZN257_HUMAN.H11MO.0.C	1.91258e-05	3.65361e-43	0.120728	2.75138e-10	0.199594		0.399571	4.838683	0.160088	1.065596	-0.032309
361	ZN260_HUMAN.H11MO.0.C	0.260028	0.811189	0.332602	0.493547	0.0226713		-0.045661	-0.008395	0.004149	-0.030858	-0.140124
362	ZN263_HUMAN.H11MO.0.A	4.61826e-13	9.64242e-25	1.8261e-07	5.64214e-23	0.0270728		-2.141352	-2.801424	-1.313417	-3.228519	-0.185156
363	ZN264_HUMAN.H11MO.0.C	0.344041	0.0530134	0.0494029	0.0838177	0.0988287		0.004973	0.048184	-0.209190	-0.117068	0.158426
364	ZN274_HUMAN.H11MO.0.A	0.198949	5.44755e-05	0.464294	0.00657973	0.437301		-0.209363	-1.086790	-0.020638	-0.378862	-0.017671
365	ZN281_HUMAN.H11MO.0.A	6.05614e-06	1	9.57836e-08	4.82046e-06	9.9548e-07		0.011162	0.000000	-0.861791	-0.699502	0.741772
366	ZN317_HUMAN.H11MO.0.C	0.317215	0.685573	0.0483976	0.0824537	0.0150378		-0.054076	0.005802	-0.156340	-0.180571	0.291085
367	ZN320_HUMAN.H11MO.0.C	0.185054	0.992801	0.268308	0.829188	0.0119691		0.097470	-0.000137	0.082644	0.008135	0.004824
368	ZN322_HUMAN.H11MO.0.B	0.123876	0.240575	0.308409	0.440848	0.026475		0.186257	0.165521	0.022188	0.048393	0.225370
369	ZN329_HUMAN.H11MO.0.C	0.0448158	0.000898206	0.00342853	0.000809867	0.044536		0.267823	0.493051	0.564422	0.964028	-0.031836
370	ZN331_HUMAN.H11MO.0.C	0.344732	1	0.0173716	0.188017	0.290903		-0.071167	0.000000	-0.094330	-0.066297	-0.085487
371	ZN335_HUMAN.H11MO.0.A	0.000857593	1.38739e-18	0.000417073	7.87992e-09	0.291499		0.739599	5.219750	-0.271834	1.898316	-0.065558
372	ZN341_HUMAN.H11MO.0.C	1.39314e-09	3.55139e-08	2.33546e-11	1.24689e-16	0.0315013		0.344302	0.469922	-0.979866	-0.448880	0.415022
373	ZN350_HUMAN.H11MO.0.C	0.0963176	0.522249	0.00518675	0.00724696	0.0772222		-0.220371	0.026205	-0.425652	-0.290319	-0.106322
374	ZN382_HUMAN.H11MO.0.C	0.0239099	0.525977	0.0764708	0.165938	0.00414003		-0.129234	0.051147	0.081803	0.123503	-0.268992
375	ZN384_HUMAN.H11MO.0.C	0.690263	1	0.30402	0.317814	0.323549		-0.007779	0.000000	-0.045035	-0.049783	0.080363
376	ZN394_HUMAN.H11MO.0.C	0.165886	0.00109509	0.000288715	0.000526031	0.216243		0.018037	-0.270309	0.299374	0.162103	-0.124184
377	ZN418_HUMAN.H11MO.0.C	0.00022656	9.19723e-05	6.7754e-08	6.76911e-09	0.0532648		0.099950	-0.986839	0.760939	-0.095678	0.017825
378	ZN436_HUMAN.H11MO.0.C	2.3172e-05	9.21863e-11	5.54175e-07	8.0568e-09	0.0398209		-0.828542	-2.260079	0.669479	-1.277867	0.067669
379	ZN449_HUMAN.H11MO.0.C	0.513335	1	0.553479	0.699884	0.161863		-0.046239	0.000000	0.007134	0.015334	-0.038557
380	ZN467_HUMAN.H11MO.0.C	2.29435e-09	6.2733e-09	3.14894e-08	3.22866e-16	0.00589938		-0.329549	-1.393125	-1.509460	-2.220703	0.549276
381	ZN490_HUMAN.H11MO.0.C	0.013613	0.0777544	0.000404104	9.20532e-05	0.331515		0.543239	-0.035644	1.349488	0.911161	0.004425
382	ZN502_HUMAN.H11MO.0.C	0.00713831	0.00214446	0.0224054	0.000111541	0.0407546		-0.031524	-0.358771	-0.118473	-0.381466	-0.061874
383	ZN528_HUMAN.H11MO.0.C	1.37179e-06	8.27266e-19	0.000186455	7.54883e-12	0.112092		-0.155348	-0.404143	-0.091009	-0.945594	0.206033
384	ZN547_HUMAN.H11MO.0.C	0.0396338	0.0192843	0.0114559	0.0491294	0.0912492		0.157928	0.121619	0.262110	0.228727	0.057266
385	ZN549_HUMAN.H11MO.0.C	0.00250752	2.69263e-07	0.00843838	0.000142706	0.350171		0.481027	1.059471	0.527816	0.949629	0.111572
386	ZN554_HUMAN.H11MO.0.C	0.0082072	0.101683	0.0475262	0.119075	0.065224		-0.303158	0.298938	-0.173170	-0.023559	-0.310377
387	ZN563_HUMAN.H11MO.0.C	0.0060292	0.157799	0.0249827	0.052683	0.00699942		-0.037824	0.080594	0.107084	0.075883	-0.152942
388	ZN582_HUMAN.H11MO.0.C	0.010597	0.000136234	0.104012	0.00901303	0.0581089		-0.031002	0.394742	0.033251	0.351365	-0.130800
389	ZN586_HUMAN.H11MO.0.C	0.000381791	0.00010624	2.03749e-05	2.59836e-09	0.358534		-0.420523	-0.973162	-0.111500	-0.765500	-0.005582
390	ZN667_HUMAN.H11MO.0.C	0.373798	0.392379	0.231444	0.351161	0.0429707		-0.082506	0.075853	-0.084993	-0.008466	0.065242
391	ZN680_HUMAN.H11MO.0.C	0.00357088	6.03258e-11	0.0851657	4.26981e-05	0.194401		-0.103514	-1.047479	0.127314	-0.133873	-0.045217
392	ZN708_HUMAN.H11MO.0.C	0.0252283	9.37252e-05	5.20535e-05	7.14758e-05	0.0109299		-0.093308	0.450443	-0.391989	-0.015543	-0.142574
393	ZN768_HUMAN.H11MO.0.C	0.0146783	0.80526	0.00291555	0.0377563	0.110343		-0.151783	0.009406	-0.477262	-0.186096	-0.028813
394	ZN770_HUMAN.H11MO.0.C	0.032711	0.00265472	0.169906	0.00361399	0.0814597		0.193449	0.324416	0.201677	0.359341	0.070388
395	ZN816_HUMAN.H11MO.0.C	0.0100348	0.0643472	0.000381941	0.00219984	0.0520366		0.309955	0.055237	0.002611	-0.085720	0.282666
396	ZNF18_HUMAN.H11MO.0.C	0.0939781	1	0.166683	0.268181	0.114262		0.235421	0.000000	0.179376	0.135065	0.188372
397	ZNF41_HUMAN.H11MO.0.C	0.000323265	3.27574e-07	0.0183427	4.43217e-05	0.0581974		0.474128	-0.118542	0.184177	0.164573	-0.056499
398	ZNF76_HUMAN.H11MO.0.C	0.0180393	0.0155098	0.0589127	0.0370194	0.000286778		-0.485078	-0.042619	0.157890	0.140641	-0.918197
399	ZNF8_HUMAN.H11MO.0.C	0.141341	0.18181	0.225708	0.0819622	0.105777		-0.124358	0.043956	0.048346	0.057118	-0.109585
400	ZNF85_HUMAN.H11MO.0.C	0.128754	0.0206757	0.0762661	0.0286765	0.0257949		-0.105685	0.147432	-0.025663	0.108769	-0.102397
401	ZSC22_HUMAN.H11MO.0.C	1.89594e-09	0.000109421	1.94054e-11	3.62638e-14	0.0224627		-0.764533	-0.601712	-0.886121	-1.311856	-0.177371
402	ZSC31_HUMAN.H11MO.0.C	0.0727195	1	0.010731	0.0848296	0.00757376		0.114960	0.000000	-0.020224	-0.008710	0.208829
